#LINK
#lang	ja
#attribution_name	新宿区役所情報システム課
#license	http://creativecommons.org/licenses/by/3.0/deed.ja
#file_name	201809_tyotyobetu_jinkotokei
#download_from	http://linkdata.org/work/rdf1s7189i
#property	世帯数	男	女	計
#object_type_xsd	int	int	int	int
#property_context	Assertion	Assertion	Assertion	Assertion
四谷１丁目	243	208	269	477
四谷２丁目	266	211	236	447
四谷３丁目	286	214	232	446
四谷４丁目	2226	1795	1655	3450
四谷本塩町	262	214	211	425
四谷三栄町	1074	913	987	1900
四谷坂町	1433	1114	1114	2228
若葉１丁目	1398	1305	1237	2542
若葉２丁目	432	392	398	790
若葉３丁目	607	468	481	949
須賀町	839	715	690	1405
左門町	1011	701	838	1539
信濃町	562	406	504	910
南元町	1328	1159	1307	2466
荒木町	1694	1250	1261	2511
舟町	1006	689	699	1388
愛住町	908	718	693	1411
大京町	2120	1645	1933	3578
霞ヶ丘町	1	1	0	1
内藤町	707	655	567	1222
片町	231	165	167	332
新宿１丁目	2977	2099	1933	4032
新宿２丁目	880	666	525	1191
新宿３丁目	110	98	59	157
新宿４丁目	224	181	107	288
新宿５丁目	2052	1449	1133	2582
新宿６丁目	3046	2274	1964	4238
新宿７丁目	4310	3482	3196	6678
歌舞伎町１丁目	169	135	62	197
歌舞伎町２丁目	1836	1403	804	2207
市谷田町１丁目	19	8	22	30
市谷田町２丁目	354	256	361	617
市谷田町３丁目	197	154	202	356
市谷本村町	1718	1543	964	2507
市谷砂土原町１丁目	114	105	129	234
市谷砂土原町２丁目	244	195	234	429
市谷砂土原町３丁目	478	500	517	1017
市谷左内町	240	216	241	457
市谷加賀町１丁目	21	13	22	35
市谷加賀町２丁目	968	726	1014	1740
市谷甲良町	384	351	396	747
市谷船河原町	76	87	91	178
市谷長延寺町	95	46	90	136
市谷鷹匠町	20	22	24	46
市谷山伏町	302	266	277	543
市谷八幡町	63	57	68	125
神楽坂１丁目	12	12	16	28
神楽坂２丁目	136	90	122	212
神楽坂３丁目	302	236	224	460
神楽坂４丁目	94	80	97	177
神楽坂５丁目	393	314	392	706
神楽坂６丁目	572	390	475	865
細工町	258	207	225	432
二十騎町	371	318	351	669
揚場町	54	49	56	105
津久戸町	69	45	51	96
東五軒町	1152	1016	1161	2177
西五軒町	948	832	854	1686
赤城元町	233	182	219	401
南榎町	693	679	688	1367
袋町	372	323	348	671
払方町	506	491	540	1031
南町	383	392	415	807
北町	499	468	522	990
納戸町	537	444	514	958
南山伏町	375	331	316	647
北山伏町	333	215	257	472
白銀町	740	608	752	1360
下宮比町	155	96	124	220
矢来町	2576	2188	2539	4727
若宮町	558	497	523	1020
岩戸町	424	284	329	613
中町	260	252	262	514
箪笥町	409	277	320	597
横寺町	557	429	440	869
筑土八幡町	548	388	512	900
新小川町	1873	1534	1555	3089
神楽河岸	0	0	0	0
市谷薬王寺町	2083	1599	1740	3339
市谷柳町	873	600	687	1287
市谷仲之町	1256	1174	1294	2468
赤城下町	777	610	601	1211
天神町	745	523	598	1121
榎町	453	325	318	643
東榎町	225	151	158	309
早稲田町	799	549	617	1166
早稲田南町	454	395	389	784
馬場下町	325	260	256	516
原町１丁目	853	668	768	1436
原町２丁目	693	641	609	1250
原町３丁目	1142	876	1028	1904
喜久井町	1124	1003	975	1978
築地町	327	267	293	560
弁天町	1973	1594	1696	3290
中里町	358	334	375	709
山吹町	2298	1674	1811	3485
改代町	369	304	273	577
水道町	639	444	476	920
早稲田鶴巻町	3865	2826	2914	5740
住吉町	1785	1339	1379	2718
市谷台町	881	723	698	1421
河田町	1533	1483	1514	2997
若松町	3377	2777	3019	5796
余丁町	2514	2031	2106	4137
戸山１丁目	1578	1213	1353	2566
戸山２丁目	3375	2233	3413	5646
戸山３丁目	555	468	446	914
富久町	4140	3622	3570	7192
百人町１丁目	3322	2409	1742	4151
百人町２丁目	3694	2775	2188	4963
百人町３丁目	2594	2624	2862	5486
百人町４丁目	1586	1159	1523	2682
大久保１丁目	3565	2483	2121	4604
大久保２丁目	6151	4594	4073	8667
大久保３丁目	2251	2157	2395	4552
戸塚町１丁目	132	90	110	200
西早稲田１丁目	3583	2639	2910	5549
西早稲田２丁目	3898	2995	2890	5885
西早稲田３丁目	4310	3609	3424	7033
高田馬場１丁目	2913	2301	2106	4407
高田馬場２丁目	1299	999	864	1863
高田馬場３丁目	4272	3206	2796	6002
高田馬場４丁目	4354	3540	3198	6738
下落合１丁目	2068	1393	1278	2671
下落合２丁目	2015	1726	1784	3510
下落合３丁目	2570	2022	2420	4442
下落合４丁目	2725	2215	2416	4631
中落合１丁目	2243	1715	1771	3486
中落合２丁目	2873	2479	2583	5062
中落合３丁目	2410	2040	2187	4227
中落合４丁目	1750	1569	1527	3096
上落合１丁目	3405	2785	2717	5502
上落合２丁目	3300	2542	2406	4948
上落合３丁目	3224	2387	2268	4655
西落合１丁目	2745	2214	2314	4528
西落合２丁目	2543	2105	2133	4238
西落合３丁目	1850	1454	1659	3113
西落合４丁目	1346	1127	1188	2315
中井１丁目	1283	987	807	1794
中井２丁目	1709	1508	1635	3143
北新宿１丁目	5364	3939	3420	7359
北新宿２丁目	3240	2789	2549	5338
北新宿３丁目	5142	3852	3565	7417
北新宿４丁目	4580	3555	3132	6687
西新宿１丁目	34	28	28	56
西新宿２丁目	3	3	5	8
西新宿３丁目	1530	1016	1019	2035
西新宿４丁目	5006	3781	3428	7209
西新宿５丁目	2863	2230	2031	4261
西新宿６丁目	2221	1794	1612	3406
西新宿７丁目	1694	1292	982	2274
西新宿８丁目	2166	1591	1480	3071
合計	219118	173361	172033	345394
