#LINK
#lang	ja
#attribution_name	新宿区役所情報システム課
#license	http://creativecommons.org/licenses/by/3.0/deed.ja
#file_name	201806_tyotyobetu_jinkotokei
#download_from	http://linkdata.org/work/rdf1s7189i
#property	世帯数	男	女	計
#object_type_xsd	int	int	int	int
#property_context	Assertion	Assertion	Assertion	Assertion
四谷１丁目	244	209	272	481
四谷２丁目	268	214	237	451
四谷３丁目	283	212	230	442
四谷４丁目	2189	1771	1652	3423
四谷本塩町	238	195	208	403
三栄町	1035	867	944	1811
四谷坂町	1450	1115	1128	2243
若葉１丁目	1382	1287	1234	2521
若葉２丁目	438	394	402	796
若葉３丁目	614	468	487	955
須賀町	847	717	695	1412
左門町	1012	696	837	1533
信濃町	562	407	507	914
南元町	1355	1176	1323	2499
荒木町	1666	1211	1255	2466
舟町	1003	688	694	1382
愛住町	905	714	696	1410
大京町	2113	1637	1914	3551
霞ヶ丘町	1	1	0	1
内藤町	695	642	558	1200
片町	230	167	161	328
新宿１丁目	2994	2096	1955	4051
新宿２丁目	875	650	542	1192
新宿３丁目	109	96	62	158
新宿４丁目	226	182	110	292
新宿５丁目	2001	1421	1111	2532
新宿６丁目	2993	2263	1915	4178
新宿７丁目	4308	3485	3201	6686
歌舞伎町１丁目	170	134	65	199
歌舞伎町２丁目	1814	1380	805	2185
市谷田町１丁目	19	8	22	30
市谷田町２丁目	350	255	355	610
市谷田町３丁目	201	152	199	351
市谷本村町	1750	1570	967	2537
市谷砂土原町１丁目	119	112	129	241
市谷砂土原町２丁目	240	187	236	423
市谷砂土原町３丁目	477	520	523	1043
市谷左内町	238	218	238	456
市谷加賀町１丁目	21	13	23	36
市谷加賀町２丁目	1002	737	1056	1793
市谷甲良町	380	342	391	733
市谷船河原町	75	87	90	177
市谷長延寺町	100	46	95	141
市谷鷹匠町	20	22	24	46
市谷山伏町	310	270	285	555
市谷八幡町	62	54	66	120
神楽坂１丁目	11	11	16	27
神楽坂２丁目	139	93	125	218
神楽坂３丁目	307	238	226	464
神楽坂４丁目	94	82	97	179
神楽坂５丁目	393	315	391	706
神楽坂６丁目	579	396	482	878
細工町	260	209	228	437
二十騎町	376	317	356	673
揚場町	55	51	57	108
津久戸町	71	47	51	98
東五軒町	1166	1018	1168	2186
西五軒町	948	833	847	1680
赤城元町	236	183	220	403
南榎町	702	675	686	1361
袋町	370	323	344	667
払方町	503	484	539	1023
南町	374	379	405	784
北町	503	466	520	986
納戸町	545	443	513	956
南山伏町	370	331	319	650
北山伏町	326	213	251	464
白銀町	736	609	751	1360
下宮比町	155	97	124	221
矢来町	2592	2203	2548	4751
若宮町	565	509	536	1045
岩戸町	429	291	325	616
中町	267	252	267	519
箪笥町	408	283	321	604
横寺町	536	398	422	820
筑土八幡町	567	391	527	918
新小川町	1868	1521	1546	3067
神楽河岸	0	0	0	0
市谷薬王寺町	2085	1611	1726	3337
市谷柳町	876	599	697	1296
市谷仲之町	1260	1180	1293	2473
赤城下町	788	620	607	1227
天神町	751	521	603	1124
榎町	455	324	318	642
東榎町	233	153	167	320
早稲田町	768	534	587	1121
早稲田南町	465	403	392	795
馬場下町	330	265	251	516
原町１丁目	876	687	779	1466
原町２丁目	696	645	619	1264
原町３丁目	1142	871	1022	1893
喜久井町	1116	993	966	1959
築地町	321	262	286	548
弁天町	1949	1578	1685	3263
中里町	361	343	375	718
山吹町	2271	1644	1793	3437
改代町	367	297	277	574
水道町	626	431	478	909
早稲田鶴巻町	3851	2833	2882	5715
住吉町	1785	1333	1389	2722
市谷台町	874	717	698	1415
河田町	1525	1478	1519	2997
若松町	3317	2690	2917	5607
余丁町	2526	2034	2107	4141
戸山１丁目	1601	1214	1372	2586
戸山２丁目	3388	2238	3428	5666
戸山３丁目	558	469	448	917
富久町	4129	3604	3576	7180
百人町１丁目	3298	2405	1738	4143
百人町２丁目	3735	2832	2197	5029
百人町３丁目	2610	2632	2881	5513
百人町４丁目	1552	1118	1488	2606
大久保１丁目	3636	2547	2164	4711
大久保２丁目	6219	4638	4124	8762
大久保３丁目	2248	2151	2388	4539
戸塚町１丁目	144	98	114	212
西早稲田１丁目	3615	2638	2942	5580
西早稲田２丁目	4112	3054	3037	6091
西早稲田３丁目	4318	3609	3417	7026
高田馬場１丁目	2937	2332	2113	4445
高田馬場２丁目	1299	1001	868	1869
高田馬場３丁目	4322	3245	2815	6060
高田馬場４丁目	4343	3547	3213	6760
下落合１丁目	2005	1358	1257	2615
下落合２丁目	2026	1735	1785	3520
下落合３丁目	2565	2024	2417	4441
下落合４丁目	2709	2194	2416	4610
中落合１丁目	2230	1722	1760	3482
中落合２丁目	2877	2475	2570	5045
中落合３丁目	2404	2042	2173	4215
中落合４丁目	1766	1556	1550	3106
上落合１丁目	3397	2783	2705	5488
上落合２丁目	3325	2568	2408	4976
上落合３丁目	3289	2434	2300	4734
西落合１丁目	2771	2249	2309	4558
西落合２丁目	2539	2102	2133	4235
西落合３丁目	1864	1457	1673	3130
西落合４丁目	1371	1168	1179	2347
中井１丁目	1269	984	798	1782
中井２丁目	1723	1513	1640	3153
北新宿１丁目	5381	3969	3407	7376
北新宿２丁目	3263	2803	2554	5357
北新宿３丁目	5145	3883	3553	7436
北新宿４丁目	4600	3576	3139	6715
西新宿１丁目	34	27	29	56
西新宿２丁目	3	3	5	8
西新宿３丁目	1466	974	1003	1977
西新宿４丁目	5002	3766	3395	7161
西新宿５丁目	2842	2196	1986	4182
西新宿６丁目	2227	1807	1594	3401
西新宿７丁目	1667	1271	966	2237
西新宿８丁目	2155	1576	1474	3050
合計	219428	173382	172041	345423
