#LINK
#lang	ja
#attribution_name	新宿区役所情報システム課
#license	http://creativecommons.org/licenses/by/3.0/deed.ja
#file_name	201801_tyotyobetu_jinkotokei
#download_from	http://linkdata.org/work/rdf1s7189i
#property	世帯数	男	女	計
#object_type_xsd	int	int	int	int
#property_context	Assertion	Assertion	Assertion	Assertion
四谷１丁目	242	214	272	486
四谷２丁目	261	211	227	438
四谷３丁目	280	207	225	432
四谷４丁目	2149	1743	1638	3381
四谷本塩町	249	208	206	414
三栄町	969	813	892	1705
四谷坂町	1445	1111	1141	2252
若葉１丁目	1356	1270	1218	2488
若葉２丁目	449	404	400	804
若葉３丁目	607	467	488	955
須賀町	826	710	688	1398
左門町	1026	721	844	1565
信濃町	555	412	498	910
南元町	1350	1158	1314	2472
荒木町	1556	1099	1173	2272
舟町	984	684	684	1368
愛住町	884	694	699	1393
大京町	2110	1635	1913	3548
霞ヶ丘町	2	2	0	2
内藤町	678	631	551	1182
片町	239	179	163	342
新宿１丁目	2998	2093	1975	4068
新宿２丁目	868	643	540	1183
新宿３丁目	111	99	63	162
新宿４丁目	225	181	113	294
新宿５丁目	1964	1391	1107	2498
新宿６丁目	2857	2186	1842	4028
新宿７丁目	4238	3447	3182	6629
歌舞伎町１丁目	178	141	69	210
歌舞伎町２丁目	1814	1391	802	2193
市谷田町１丁目	18	10	20	30
市谷田町２丁目	353	256	355	611
市谷田町３丁目	201	154	196	350
市谷本村町	1760	1580	948	2528
市谷砂土原町１丁目	108	106	128	234
市谷砂土原町２丁目	243	187	238	425
市谷砂土原町３丁目	466	499	517	1016
市谷左内町	235	218	233	451
市谷加賀町１丁目	21	14	24	38
市谷加賀町２丁目	976	745	1031	1776
市谷甲良町	377	345	392	737
市谷船河原町	74	87	90	177
市谷長延寺町	103	50	97	147
市谷鷹匠町	23	24	29	53
市谷山伏町	313	271	286	557
市谷八幡町	63	52	67	119
神楽坂１丁目	11	12	16	28
神楽坂２丁目	140	96	128	224
神楽坂３丁目	301	238	220	458
神楽坂４丁目	91	79	94	173
神楽坂５丁目	394	321	393	714
神楽坂６丁目	572	397	481	878
細工町	250	208	224	432
二十騎町	375	321	358	679
揚場町	56	53	56	109
津久戸町	69	46	51	97
東五軒町	1143	1003	1146	2149
西五軒町	934	826	828	1654
赤城元町	227	181	219	400
南榎町	693	668	699	1367
袋町	372	323	345	668
払方町	492	472	537	1009
南町	375	374	413	787
北町	502	461	517	978
納戸町	531	439	495	934
南山伏町	376	338	320	658
北山伏町	304	200	244	444
白銀町	744	619	755	1374
下宮比町	157	102	122	224
矢来町	2600	2230	2547	4777
若宮町	546	494	518	1012
岩戸町	413	287	325	612
中町	266	263	272	535
箪笥町	405	281	319	600
横寺町	533	388	424	812
筑土八幡町	562	367	528	895
新小川町	1839	1488	1548	3036
神楽河岸	0	0	0	0
市谷薬王寺町	2025	1612	1686	3298
市谷柳町	881	591	704	1295
市谷仲之町	1246	1180	1272	2452
赤城下町	807	630	616	1246
天神町	736	509	598	1107
榎町	456	327	319	646
東榎町	214	143	158	301
早稲田町	712	502	560	1062
早稲田南町	460	394	391	785
馬場下町	317	257	251	508
原町１丁目	855	701	762	1463
原町２丁目	697	644	617	1261
原町３丁目	1084	829	978	1807
喜久井町	1079	951	948	1899
築地町	316	257	287	544
弁天町	1935	1564	1680	3244
中里町	370	354	381	735
山吹町	2161	1555	1685	3240
改代町	367	294	277	571
水道町	623	437	466	903
早稲田鶴巻町	3799	2809	2857	5666
住吉町	1794	1336	1407	2743
市谷台町	860	696	687	1383
河田町	1525	1477	1516	2993
若松町	3232	2621	2811	5432
余丁町	2495	2031	2074	4105
戸山１丁目	1564	1203	1342	2545
戸山２丁目	3395	2281	3442	5723
戸山３丁目	550	461	445	906
富久町	4090	3587	3564	7151
百人町１丁目	3345	2443	1754	4197
百人町２丁目	3753	2810	2240	5050
百人町３丁目	2591	2609	2880	5489
百人町４丁目	1590	1148	1532	2680
大久保１丁目	3625	2524	2195	4719
大久保２丁目	6249	4693	4136	8829
大久保３丁目	2223	2115	2368	4483
戸塚町１丁目	144	100	113	213
西早稲田１丁目	3532	2614	2884	5498
西早稲田２丁目	4050	3019	3008	6027
西早稲田３丁目	4166	3536	3370	6906
高田馬場１丁目	2902	2305	2115	4420
高田馬場２丁目	1294	987	860	1847
高田馬場３丁目	4245	3215	2791	6006
高田馬場４丁目	4286	3521	3198	6719
下落合１丁目	2015	1344	1296	2640
下落合２丁目	1906	1700	1712	3412
下落合３丁目	2526	2005	2370	4375
下落合４丁目	2710	2228	2399	4627
中落合１丁目	2236	1753	1757	3510
中落合２丁目	2823	2426	2493	4919
中落合３丁目	2359	2027	2153	4180
中落合４丁目	1749	1546	1528	3074
上落合１丁目	3370	2773	2717	5490
上落合２丁目	3293	2571	2379	4950
上落合３丁目	3255	2432	2269	4701
西落合１丁目	2687	2209	2260	4469
西落合２丁目	2515	2097	2125	4222
西落合３丁目	1798	1440	1634	3074
西落合４丁目	1349	1150	1181	2331
中井１丁目	1290	1014	800	1814
中井２丁目	1669	1496	1604	3100
北新宿１丁目	5341	3899	3433	7332
北新宿２丁目	3256	2838	2558	5396
北新宿３丁目	5132	3876	3543	7419
北新宿４丁目	4577	3597	3078	6675
西新宿１丁目	36	29	31	60
西新宿２丁目	4	6	6	12
西新宿３丁目	1284	871	903	1774
西新宿４丁目	4940	3721	3374	7095
西新宿５丁目	2671	2032	1848	3880
西新宿６丁目	2214	1786	1578	3364
西新宿７丁目	1690	1282	975	2257
西新宿８丁目	2117	1562	1448	3010
合計	216529	171900	170397	342297
