#LINK
#lang	ja
#attribution_name	新宿区役所情報システム課
#license	http://creativecommons.org/licenses/by/3.0/deed.ja
#file_name	2911_tyotyobetu_jinkotokei
#download_from	http://linkdata.org/work/rdf1s4981i
#property	世帯数	男	女	計
#object_type_xsd	int	int	int	int
#property_context	Assertion	Assertion	Assertion	Assertion
四谷１丁目	240	211	269	480
四谷２丁目	255	210	223	433
四谷３丁目	280	207	224	431
四谷４丁目	2147	1737	1645	3382
四谷本塩町	250	205	209	414
三栄町	950	804	873	1677
四谷坂町	1457	1119	1146	2265
若葉１丁目	1351	1267	1215	2482
若葉２丁目	460	407	414	821
若葉３丁目	609	468	492	960
須賀町	828	710	692	1402
左門町	1034	732	851	1583
信濃町	554	411	499	910
南元町	1362	1168	1318	2486
荒木町	1570	1111	1174	2285
舟町	981	681	688	1369
愛住町	881	686	702	1388
大京町	2114	1632	1918	3550
霞ヶ丘町	2	2	0	2
内藤町	671	625	542	1167
片町	244	181	168	349
新宿１丁目	3016	2102	1995	4097
新宿２丁目	851	636	511	1147
新宿３丁目	111	99	62	161
新宿４丁目	227	184	113	297
新宿５丁目	1982	1408	1111	2519
新宿６丁目	2846	2177	1840	4017
新宿７丁目	4266	3467	3187	6654
歌舞伎町１丁目	180	143	71	214
歌舞伎町２丁目	1842	1409	814	2223
市谷田町１丁目	17	10	18	28
市谷田町２丁目	355	258	354	612
市谷田町３丁目	199	155	195	350
市谷本村町	1771	1595	938	2533
市谷砂土原町１丁目	106	106	125	231
市谷砂土原町２丁目	247	189	243	432
市谷砂土原町３丁目	469	504	522	1026
市谷左内町	235	216	233	449
市谷加賀町１丁目	21	14	24	38
市谷加賀町２丁目	983	745	1039	1784
市谷甲良町	375	341	387	728
市谷船河原町	71	86	89	175
市谷長延寺町	104	52	96	148
市谷鷹匠町	23	24	29	53
市谷山伏町	308	265	282	547
市谷八幡町	62	50	68	118
神楽坂１丁目	11	12	16	28
神楽坂２丁目	140	96	127	223
神楽坂３丁目	303	238	219	457
神楽坂４丁目	92	78	95	173
神楽坂５丁目	392	318	392	710
神楽坂６丁目	574	400	483	883
細工町	251	210	223	433
二十騎町	376	322	362	684
揚場町	54	52	53	105
津久戸町	72	51	52	103
東五軒町	1148	1008	1142	2150
西五軒町	940	833	836	1669
赤城元町	229	181	217	398
南榎町	695	664	696	1360
袋町	370	319	344	663
払方町	493	475	533	1008
南町	374	376	415	791
北町	508	462	519	981
納戸町	531	443	492	935
南山伏町	379	339	323	662
北山伏町	308	200	248	448
白銀町	740	618	755	1373
下宮比町	154	100	121	221
矢来町	2602	2220	2548	4768
若宮町	546	488	517	1005
岩戸町	417	289	333	622
中町	267	263	271	534
箪笥町	418	288	324	612
横寺町	533	384	425	809
筑土八幡町	564	370	533	903
新小川町	1847	1499	1546	3045
神楽河岸	0	0	0	0
市谷薬王寺町	2015	1600	1674	3274
市谷柳町	876	584	703	1287
市谷仲之町	1253	1183	1278	2461
赤城下町	806	635	611	1246
天神町	756	518	607	1125
榎町	458	329	323	652
東榎町	219	147	160	307
早稲田町	712	500	559	1059
早稲田南町	455	392	391	783
馬場下町	317	257	247	504
原町１丁目	860	703	760	1463
原町２丁目	697	642	619	1261
原町３丁目	1094	839	978	1817
喜久井町	1078	945	946	1891
築地町	321	263	293	556
弁天町	1945	1568	1680	3248
中里町	366	352	380	732
山吹町	2169	1559	1689	3248
改代町	369	290	283	573
水道町	618	436	463	899
早稲田鶴巻町	3840	2839	2877	5716
住吉町	1795	1340	1416	2756
市谷台町	869	700	694	1394
河田町	1533	1487	1533	3020
若松町	3204	2597	2775	5372
余丁町	2508	2045	2097	4142
戸山１丁目	1570	1210	1343	2553
戸山２丁目	3404	2286	3472	5758
戸山３丁目	555	469	444	913
富久町	4123	3611	3583	7194
百人町１丁目	3365	2488	1741	4229
百人町２丁目	3800	2835	2277	5112
百人町３丁目	2588	2590	2869	5459
百人町４丁目	1595	1159	1542	2701
大久保１丁目	3715	2574	2232	4806
大久保２丁目	6289	4681	4173	8854
大久保３丁目	2224	2127	2356	4483
戸塚町１丁目	145	100	114	214
西早稲田１丁目	3534	2603	2880	5483
西早稲田２丁目	4076	3013	3022	6035
西早稲田３丁目	4167	3538	3373	6911
高田馬場１丁目	2935	2330	2122	4452
高田馬場２丁目	1308	985	882	1867
高田馬場３丁目	4321	3255	2836	6091
高田馬場４丁目	4306	3508	3228	6736
下落合１丁目	2047	1369	1310	2679
下落合２丁目	1908	1709	1706	3415
下落合３丁目	2545	2018	2374	4392
下落合４丁目	2755	2261	2414	4675
中落合１丁目	2236	1743	1752	3495
中落合２丁目	2835	2431	2485	4916
中落合３丁目	2332	2013	2126	4139
中落合４丁目	1751	1554	1529	3083
上落合１丁目	3404	2794	2728	5522
上落合２丁目	3318	2594	2388	4982
上落合３丁目	3246	2418	2272	4690
西落合１丁目	2653	2188	2239	4427
西落合２丁目	2529	2122	2122	4244
西落合３丁目	1798	1445	1633	3078
西落合４丁目	1366	1159	1193	2352
中井１丁目	1288	1003	796	1799
中井２丁目	1673	1502	1602	3104
北新宿１丁目	5394	3946	3461	7407
北新宿２丁目	3316	2884	2582	5466
北新宿３丁目	5127	3887	3556	7443
北新宿４丁目	4639	3627	3124	6751
西新宿１丁目	38	30	31	61
西新宿２丁目	4	6	6	12
西新宿３丁目	1301	881	919	1800
西新宿４丁目	4965	3737	3389	7126
西新宿５丁目	2278	1635	1424	3059
西新宿６丁目	2246	1797	1631	3428
西新宿７丁目	1691	1291	973	2264
西新宿８丁目	2198	1587	1517	3104
合計	217269	172148	170575	342723
