#LINK
#lang	ja
#attribution_name	新宿区役所情報システム課
#license	http://creativecommons.org/licenses/by/3.0/deed.ja
#file_name	202011_tyotyobetu_jinkotokei
#download_from	http://linkdata.org/work/rdf1s8198i
#property	世帯数	男	女	計
#object_type_xsd	int	int	int	int
#property_context	Assertion	Assertion	Assertion	Assertion
四谷１丁目	278	225	301	526
四谷２丁目	244	196	222	418
四谷３丁目	285	194	225	419
四谷４丁目	2258	1807	1640	3447
四谷本塩町	322	249	253	502
四谷三栄町	1103	951	1045	1996
四谷坂町	1582	1242	1210	2452
若葉１丁目	1426	1308	1273	2581
若葉２丁目	494	452	451	903
若葉３丁目	655	498	519	1017
須賀町	848	724	691	1415
左門町	1101	748	904	1652
信濃町	551	391	492	883
南元町	1317	1169	1298	2467
荒木町	1715	1277	1290	2567
舟町	1001	700	699	1399
愛住町	912	718	722	1440
大京町	2372	1786	2102	3888
霞ヶ丘町	2	2	0	2
内藤町	707	623	642	1265
片町	262	200	172	372
新宿１丁目	3047	2156	1927	4083
新宿２丁目	937	697	522	1219
新宿３丁目	96	86	52	138
新宿４丁目	209	168	109	277
新宿５丁目	2098	1466	1137	2603
新宿６丁目	3100	2253	1989	4242
新宿７丁目	4252	3428	3183	6611
歌舞伎町１丁目	173	143	52	195
歌舞伎町２丁目	1953	1484	828	2312
市谷田町１丁目	14	8	16	24
市谷田町２丁目	334	256	345	601
市谷田町３丁目	210	167	196	363
市谷本村町	1720	1524	1030	2554
市谷砂土原町１丁目	103	93	119	212
市谷砂土原町２丁目	260	214	258	472
市谷砂土原町３丁目	476	497	511	1008
市谷左内町	222	194	227	421
市谷加賀町１丁目	21	14	23	37
市谷加賀町２丁目	1000	748	1032	1780
市谷甲良町	475	416	441	857
市谷船河原町	76	86	89	175
市谷長延寺町	90	43	80	123
市谷鷹匠町	13	11	15	26
市谷山伏町	311	268	286	554
市谷八幡町	61	55	65	120
神楽坂１丁目	12	13	15	28
神楽坂２丁目	126	79	111	190
神楽坂３丁目	283	227	204	431
神楽坂４丁目	97	83	99	182
神楽坂５丁目	384	310	406	716
神楽坂６丁目	555	372	458	830
細工町	260	221	219	440
二十騎町	414	333	368	701
揚場町	60	51	55	106
津久戸町	67	44	53	97
東五軒町	1210	1035	1211	2246
西五軒町	1039	876	901	1777
赤城元町	231	177	216	393
南榎町	738	724	726	1450
袋町	367	321	339	660
払方町	516	491	544	1035
南町	402	425	442	867
北町	523	495	535	1030
納戸町	570	494	555	1049
南山伏町	365	323	308	631
北山伏町	393	263	323	586
白銀町	733	592	762	1354
下宮比町	162	95	126	221
矢来町	2563	2178	2478	4656
若宮町	554	498	513	1011
岩戸町	426	307	330	637
中町	268	254	267	521
箪笥町	442	302	330	632
横寺町	622	467	495	962
筑土八幡町	506	380	464	844
新小川町	2028	1638	1657	3295
神楽河岸	0	0	0	0
市谷薬王寺町	2140	1666	1720	3386
市谷柳町	883	600	695	1295
市谷仲之町	1307	1207	1350	2557
赤城下町	771	619	577	1196
天神町	728	531	573	1104
榎町	488	338	342	680
東榎町	250	157	176	333
早稲田町	885	596	694	1290
早稲田南町	460	381	399	780
馬場下町	333	261	261	522
原町１丁目	867	696	756	1452
原町２丁目	688	635	614	1249
原町３丁目	1255	968	1140	2108
喜久井町	1139	1004	987	1991
築地町	306	247	279	526
弁天町	1994	1609	1733	3342
中里町	352	322	369	691
山吹町	2591	1821	2018	3839
改代町	426	350	302	652
水道町	729	492	510	1002
早稲田鶴巻町	3826	2752	2901	5653
住吉町	1830	1372	1420	2792
市谷台町	898	713	692	1405
河田町	1539	1440	1510	2950
若松町	3461	2783	3067	5850
余丁町	2498	2033	2082	4115
戸山１丁目	1599	1198	1386	2584
戸山２丁目	3234	2057	3204	5261
戸山３丁目	640	534	550	1084
富久町	4177	3613	3604	7217
百人町１丁目	2940	2169	1537	3706
百人町２丁目	3369	2554	2052	4606
百人町３丁目	2585	2580	2909	5489
百人町４丁目	1616	1152	1541	2693
大久保１丁目	3088	2146	1925	4071
大久保２丁目	5450	4099	3752	7851
大久保３丁目	2442	2287	2526	4813
戸塚町１丁目	137	89	109	198
西早稲田１丁目	3592	2660	2889	5549
西早稲田２丁目	3681	2946	2684	5630
西早稲田３丁目	4046	3430	3334	6764
高田馬場１丁目	2756	2225	2032	4257
高田馬場２丁目	1283	1011	839	1850
高田馬場３丁目	4111	3127	2682	5809
高田馬場４丁目	4180	3427	3109	6536
下落合１丁目	1878	1265	1215	2480
下落合２丁目	2041	1714	1806	3520
下落合３丁目	2575	2061	2454	4515
下落合４丁目	2644	2163	2351	4514
中落合１丁目	2339	1810	1771	3581
中落合２丁目	2783	2427	2513	4940
中落合３丁目	2423	2012	2189	4201
中落合４丁目	1733	1554	1521	3075
上落合１丁目	3352	2731	2674	5405
上落合２丁目	3303	2517	2431	4948
上落合３丁目	3255	2404	2286	4690
西落合１丁目	2859	2248	2375	4623
西落合２丁目	2577	2107	2134	4241
西落合３丁目	1915	1486	1699	3185
西落合４丁目	1283	1099	1170	2269
中井１丁目	1256	984	778	1762
中井２丁目	1719	1562	1615	3177
北新宿１丁目	5090	3757	3256	7013
北新宿２丁目	3102	2720	2432	5152
北新宿３丁目	4767	3744	3294	7038
北新宿４丁目	4355	3297	3098	6395
西新宿１丁目	33	25	28	53
西新宿２丁目	2	2	4	6
西新宿３丁目	1648	1127	1071	2198
西新宿４丁目	5066	3793	3484	7277
西新宿５丁目	2713	2114	1951	4065
西新宿６丁目	2330	1895	1649	3544
西新宿７丁目	1749	1327	996	2323
西新宿８丁目	2170	1592	1497	3089
